48 107
51 133
55 159
60 183
70 206
85 227
104 245
127 258
153 261
178 257
200 243
219 225
232 204
240 179
244 155
248 130
250 104
75 85
89 77
106 75
123 79
139 85
166 83
181 76
198 73
214 76
226 85
151 105
151 121
152 137
152 154
136 167
144 170
152 173
161 170
169 167
95 108
105 103
117 103
127 111
116 113
104 113
175 110
185 103
197 103
207 108
198 113
186 113
124 205
135 196
146 192
154 194
163 192
173 196
183 204
173 212
163 216
154 217
146 216
135 213
130 205
146 202
154 203
163 202
178 204
163 202
154 203
146 202
