66 100
65 123
66 146
70 169
79 192
90 213
105 232
124 248
147 251
170 247
188 233
203 215
213 195
221 174
226 151
228 129
229 106
81 86
91 76
107 75
122 80
136 88
169 88
182 81
196 76
210 77
220 87
152 105
151 123
151 140
151 157
130 167
140 169
150 172
160 170
169 167
95 106
105 101
116 102
126 110
115 113
103 113
176 111
184 102
196 101
204 106
197 113
186 113
115 200
127 198
140 196
148 200
158 196
169 198
182 200
170 212
159 217
149 219
139 218
126 213
120 201
139 204
149 206
158 204
177 201
158 204
149 206
140 205
