47 95
49 125
53 155
57 184
65 211
80 235
100 253
122 265
148 266
172 260
193 246
211 226
225 204
234 177
237 149
242 121
244 92
59 85
77 75
98 76
118 82
138 91
160 88
179 80
198 74
219 74
235 84
149 107
149 125
150 143
150 162
129 175
139 177
149 179
159 177
169 175
84 107
97 104
110 104
121 110
109 113
95 112
175 109
186 103
199 102
210 105
200 111
187 111
110 209
125 204
139 200
149 204
160 200
174 204
188 208
174 220
160 226
149 228
138 227
124 221
116 210
139 212
149 213
160 212
181 209
160 211
149 212
138 211
47 28
160 21
179 13
244 25
