49 96
51 124
55 152
61 178
70 204
83 227
99 247
120 261
146 266
170 263
190 249
206 229
218 206
227 181
234 155
240 128
242 101
65 77
79 65
98 64
118 68
136 75
164 76
182 69
201 65
220 67
232 80
150 101
151 122
151 141
152 162
131 174
141 176
150 179
160 177
168 174
87 103
98 98
111 99
123 108
110 110
96 110
176 108
187 100
201 99
212 104
202 110
188 111
115 209
127 201
140 197
148 200
157 197
168 201
178 209
168 219
158 224
148 225
138 224
127 219
121 209
139 208
148 209
157 208
173 209
157 208
148 209
139 208
49 26
164 6
182 -1
242 31
