64 101
63 128
65 156
69 183
76 209
89 232
107 252
129 267
154 270
180 266
204 253
224 234
239 211
248 185
253 158
255 131
256 104
76 78
90 68
108 69
126 73
142 80
174 80
192 73
210 70
229 71
243 82
157 105
156 123
155 141
154 161
135 174
144 177
154 179
164 177
173 175
95 104
107 100
120 102
130 109
118 111
106 110
186 110
197 104
210 103
221 107
211 112
198 112
119 210
132 202
144 199
153 202
163 199
176 203
188 210
175 221
163 227
152 228
142 227
130 222
125 211
144 211
153 212
163 211
181 211
163 210
152 212
143 210
64 30
174 9
192 2
256 33
