61 105
64 133
68 161
71 189
75 216
85 240
102 259
124 271
152 273
181 268
204 255
223 236
236 213
243 187
247 160
250 134
251 107
71 79
84 66
104 64
123 69
140 79
169 78
187 68
207 63
227 65
240 80
154 101
154 122
153 141
153 162
132 174
142 177
153 180
163 177
174 174
89 105
101 99
114 100
126 108
113 110
100 110
184 108
197 100
210 99
221 105
211 110
197 110
114 211
128 203
143 199
154 202
165 199
179 203
193 211
180 223
166 229
153 230
141 229
127 223
120 212
142 211
154 212
165 211
187 212
165 212
153 213
142 212
61 32
169 5
187 -5
251 34
