60 102
62 128
68 154
74 180
84 203
99 223
116 240
136 251
159 252
182 247
201 233
218 216
231 196
241 174
245 149
247 125
247 100
71 80
84 71
102 72
119 76
135 84
171 84
187 76
203 72
221 71
234 80
154 104
154 122
155 140
155 158
135 168
145 171
155 173
166 170
175 167
90 105
101 101
113 102
124 109
113 111
100 110
183 109
194 102
206 101
216 106
207 111
195 111
121 198
135 193
147 190
157 193
168 190
181 191
194 195
182 204
170 209
158 210
147 210
135 207
126 198
147 199
157 200
169 198
190 195
169 198
158 199
148 199
60 40
171 22
187 14
247 38
