64 105
66 131
70 156
75 182
83 207
94 230
110 250
130 263
154 266
179 262
201 247
217 227
230 204
239 179
245 154
248 129
249 103
72 87
84 76
101 73
119 77
135 83
164 84
181 77
199 75
218 78
232 88
149 104
149 122
149 140
149 159
133 172
141 175
150 176
159 174
168 171
90 105
101 100
114 100
124 108
113 110
100 110
178 108
189 102
201 102
212 107
202 111
189 111
120 206
132 199
143 195
151 197
160 194
172 199
184 205
172 215
161 221
152 222
143 221
131 217
125 207
143 206
151 207
160 206
179 206
160 206
151 207
143 206
64 35
164 14
181 7
249 33
