61 113
61 139
63 166
66 193
72 218
85 240
103 259
125 272
153 275
181 271
203 259
221 240
234 218
241 193
244 166
247 139
248 113
70 80
84 69
103 67
122 71
139 79
168 78
186 69
205 65
224 67
238 79
153 103
153 122
153 140
152 159
132 173
142 176
153 179
163 176
173 174
90 106
101 98
116 99
127 110
115 112
100 111
179 109
191 98
206 97
217 104
207 110
193 111
115 212
129 205
143 201
152 204
161 202
175 207
188 214
175 226
161 232
151 233
141 232
128 225
121 214
142 214
152 215
161 215
182 215
161 214
151 215
142 213
61 39
168 4
186 -5
248 39
