48 111
52 141
58 171
64 199
73 225
87 247
106 264
130 274
156 274
181 267
202 253
220 234
233 212
242 187
245 161
246 134
247 106
59 84
73 70
93 66
114 69
133 75
159 76
179 70
199 68
220 71
234 83
149 101
149 120
150 138
151 157
131 174
142 176
152 177
163 175
173 173
83 107
95 101
109 102
121 109
109 111
95 111
176 109
187 101
200 101
212 106
201 110
188 110
119 218
133 209
146 202
155 205
165 202
178 207
189 215
178 226
167 232
156 234
145 234
133 229
126 218
146 215
156 215
166 214
182 215
166 215
155 217
146 216
48 38
159 3
179 -3
247 33
