51 110
55 137
61 162
67 187
77 211
92 232
110 249
132 260
156 262
180 259
200 248
216 231
228 210
234 185
236 158
238 132
239 105
65 86
78 75
95 71
113 73
129 80
157 80
173 73
191 70
209 72
223 82
144 101
145 115
147 130
148 145
130 164
140 165
149 165
157 163
166 162
83 107
94 102
106 101
117 107
106 110
94 110
173 107
183 101
195 101
206 104
196 109
184 109
116 202
128 191
140 184
149 186
158 182
171 187
183 197
172 206
161 211
151 212
141 213
129 210
122 202
140 197
149 196
158 195
177 197
159 196
150 198
141 198
51 38
157 8
173 1
239 33
