47 111
47 141
48 171
51 202
58 231
72 255
91 273
116 286
143 291
170 288
193 274
212 254
226 230
235 203
242 174
248 145
251 116
71 83
87 73
106 71
125 75
141 83
172 83
188 74
207 70
225 73
238 85
156 103
155 122
155 141
154 160
130 177
141 180
152 182
163 181
173 179
90 105
102 100
115 101
125 109
113 110
100 110
183 110
195 101
207 101
218 106
208 111
196 111
111 220
126 210
140 205
150 209
160 206
172 213
184 223
171 231
158 235
148 236
137 234
124 229
118 220
140 218
149 220
159 219
177 223
159 219
149 219
139 218
47 28
172 0
188 -9
251 33
