54 100
57 126
61 152
67 177
74 202
87 225
103 245
126 259
153 262
180 259
202 245
219 226
232 204
239 178
243 151
244 125
244 98
68 79
82 70
98 69
115 71
130 78
164 77
180 70
197 66
213 67
227 76
147 104
148 124
148 144
148 164
130 174
139 176
149 179
159 176
168 173
87 106
97 102
110 103
121 109
109 112
96 111
175 109
186 102
199 100
210 104
200 110
188 111
115 206
128 199
140 194
149 197
159 194
172 199
185 205
172 217
160 223
149 224
139 223
127 218
121 207
140 207
149 207
159 206
178 206
159 206
149 207
140 206
54 33
164 10
180 3
244 31
