53 94
55 121
59 147
64 173
73 198
87 220
107 236
130 247
155 248
179 244
200 232
217 215
231 194
240 171
245 146
247 122
247 97
68 87
86 78
107 79
126 84
145 92
170 89
187 81
205 75
224 74
237 84
158 106
159 123
159 141
160 158
138 172
149 173
159 175
168 173
177 171
92 104
104 102
117 103
128 109
116 111
103 111
184 109
194 101
207 100
218 102
209 108
196 110
122 204
136 199
149 194
158 197
168 194
179 198
190 202
179 213
168 218
158 220
148 219
135 214
127 205
149 204
158 205
168 203
185 203
167 203
158 204
148 203
53 34
170 29
187 21
247 37
