44 116
46 145
49 173
55 200
66 224
83 245
103 263
126 274
151 276
177 272
200 259
219 242
233 220
241 194
245 166
247 139
248 111
57 82
69 66
88 58
109 58
128 66
160 67
179 59
201 59
220 67
232 83
145 101
146 119
147 137
147 156
128 174
138 176
147 177
156 176
166 174
81 108
92 104
105 104
117 109
104 111
92 112
173 110
186 105
198 105
210 109
198 112
186 112
112 216
125 205
138 199
148 202
157 199
171 204
184 215
171 225
159 229
148 229
138 228
125 224
119 215
138 212
148 213
158 212
178 215
158 213
148 214
138 213
44 40
160 -9
179 -17
248 35
