56 108
59 134
64 159
69 184
75 209
87 230
105 246
127 255
153 257
179 254
202 246
220 231
231 210
236 185
237 159
239 134
240 108
67 85
80 73
99 70
116 73
133 80
162 79
178 72
197 69
215 72
228 83
149 104
149 122
150 140
151 159
130 172
141 174
151 176
161 174
170 172
88 107
99 102
112 102
122 109
111 112
98 112
175 109
186 102
198 102
209 106
199 111
187 111
117 206
129 199
141 194
150 197
159 194
172 199
184 206
173 216
160 221
150 221
140 220
128 216
123 206
141 205
150 206
160 206
179 207
160 205
150 206
141 205
56 42
162 13
178 6
240 42
