51 100
52 126
55 152
60 178
70 201
84 222
100 240
120 254
144 257
167 255
185 243
200 227
213 207
221 183
225 158
229 133
231 107
63 81
78 70
96 70
115 75
133 83
162 85
178 78
196 75
214 76
226 86
147 105
147 122
147 138
147 156
127 171
137 172
146 173
155 172
164 171
83 105
93 101
107 101
118 109
105 112
92 112
173 111
184 103
197 103
208 108
198 114
185 114
109 205
123 199
137 194
145 197
154 195
166 200
179 205
167 217
154 221
145 222
136 221
122 216
115 206
136 205
145 205
154 205
173 206
154 205
145 206
137 205
51 34
162 19
178 12
231 41
