48 100
51 128
56 154
60 180
69 204
84 225
103 242
126 253
152 255
177 249
197 236
214 219
227 199
234 176
237 151
240 126
242 100
64 81
81 73
100 75
118 79
136 86
162 85
180 78
197 73
215 72
230 80
149 104
150 121
151 137
152 154
129 166
140 168
150 171
161 169
171 166
85 106
97 102
109 102
121 109
109 111
96 111
174 109
186 102
198 101
210 105
199 110
187 111
111 196
125 189
140 185
149 188
159 185
172 188
184 195
172 206
160 211
149 213
139 212
125 206
117 196
139 197
149 198
159 197
178 195
159 196
149 197
139 196
48 36
162 21
180 14
242 36
